0 0 0 0 0 0 0 0 0 -0.001182469611930915 -0.0035925022130783653 -0.0035925022130783653 -0.0035925022130783653 -0.0035925022130783653 -0.0024100326011474503 0 0 0 0 0 0 0 0 0 0 0 0 0 0 0 0 0 0 0 0 0 0 0 0 0 0 0 0 0 -0.0096298536627187695 -0.019505044087554553 -0.019505044087554553 -0.019505044087554553 -0.019505044087554553 -0.0098751904248357836 
0 0 0 0 0 0 0 0 0 -0.001182469611930915 -0.0035925022130783653 -0.0047028921319062058 -0.0047028921319062058 -0.0047028921319062058 -0.0035204225199752907 -0.0011103899188278407 0 0 0 0 0 0 0 0 0 0 0 0 0 0 0 0 0 0 0 0 0 0 0 0 0 0 0 0 -0.0096298536627187695 -0.019505044087554553 -0.024054904487377418 -0.024054904487377418 -0.024054904487377418 -0.014425050824658649 
0 0 0 0 0 0 0 0 0 -0.001182469611930915 -0.0035925022130783653 -0.0047028921319062058 -0.006966016593929941 -0.006966016593929941 -0.0057835469819990269 -0.0033735143808515762 -0.0022631244620237353 0 0 0 0 0 0 0 0 0 0 0 0 0 0 0 0.0090042587152070024 0.0090042587152070024 0.0090042587152070024 0.0090042587152070024 0.0090042587152070024 0 0 0 0 0 -0.0044240130151997166 -0.0044240130151997166 -0.014053866677918487 -0.02392905710275427 -0.028478917502577136 -0.033328133823340697 -0.033328133823340697 -0.023698280160621928 
0 0 0 0 0 0 0 0 -0.001153092632509506 -0.0023355622444404213 -0.0047455948455878711 -0.005855984764415712 -0.0081191092264394464 -0.006966016593929941 -0.0057835469819990269 -0.0033735143808515762 -0.0022631244620237353 0 0 0 0 0 0 0 0 0 0 0 0 0 0 0 0.0090042587152070024 0.013592050752252208 0.013592050752252208 0.013592050752252208 0.013592050752252208 0.0045877920370452048 -0.0044800131799490805 -0.0044800131799490805 -0.0044800131799490805 -0.0044800131799490805 -0.0089040261951487971 -0.0091488492344629115 -0.018778702897181681 -0.028653893322017465 -0.033203753721840326 -0.038052970042603891 -0.033328133823340697 -0.023698280160621928 
0 0 0 0 0 0 0 0 -0.001153092632509506 -0.0046235480697800939 -0.0070335806709275446 -0.0081439705897553855 -0.010407095051779121 -0.0092540024192696146 -0.0057835469819990269 -0.0033735143808515762 -0.0022631244620237353 0 0 0 0 0 0 0 0 0 0 0 0 0.009350539130141805 0.009350539130141805 0.009350539130141805 0.018354797845348807 0.022942589882394011 0.013592050752252208 0.013592050752252208 0.013592050752252208 0.0045877920370452048 -0.0044800131799490805 -0.013610884458422449 -0.013610884458422449 -0.013610884458422449 -0.018034897473622167 -0.01827972051293628 -0.0091488492344629115 -0.019024039659298695 -0.02357390005912156 -0.028423116379885122 -0.023698280160621928 -0.023698280160621928 
0 0 0 0 0 0 0 0 -0.001153092632509506 -0.0046235480697800939 -0.009316897271289093 -0.010427287190116933 -0.012690411652140668 -0.011537319019631162 -0.0080668635823605735 -0.0033735143808515762 -0.0022631244620237353 0 0 0 0 0 0 0 0 0 0 0 0 0.009350539130141805 0.018939299013639253 0.018939299013639253 0.027943557728846255 0.032531349765891462 0.023180810635749654 0.013592050752252208 0.013592050752252208 0.0045877920370452048 -0.0044800131799490805 -0.013610884458422449 -0.022974380081276089 -0.022974380081276089 -0.027398393096475807 -0.027643216135789919 -0.018512344857316551 -0.0091488492344629115 -0.013698709634285777 -0.018547925955049338 -0.013823089735786144 -0.013823089735786144 
0 0 0 0 0 0 0 0 -0.001153092632509506 -0.0046235480697800939 -0.009316897271289093 -0.011479294425756233 -0.013742418887779969 -0.012589326255270462 -0.0091188708179998738 -0.0044255216164908757 -0.0022631244620237353 0 0 0 0 0 0 0 0 0 0 0 0 0.009350539130141805 0.018939299013639253 0.032175834268996964 0.041180092984203963 0.04576788502124917 0.036417345891107358 0.026828586007609914 0.013592050752252208 0.0045877920370452048 -0.0044800131799490805 -0.013610884458422449 -0.022974380081276089 -0.027288484023129438 -0.031712497038329152 -0.031957320077643264 -0.0228264487991699 -0.01346295317631626 -0.0091488492344629115 -0.013998065555226473 -0.0092732293359632789 -0.0092732293359632789 
0 0 0 0 0 0 0 -0.0057789683156962536 -0.0069320609482057599 -0.010402516385476348 -0.015095865586985346 -0.017258262741452486 -0.015886551564807991 -0.014733458932298486 -0.011263003495027898 -0.0065696542935188996 -0.0044072571390517592 0 0 0 0 0 0 0 0 0 0 0 0 0.009350539130141805 0.018939299013639253 0.032175834268996964 0.050149420201787073 0.054737212238832281 0.045386673108690476 0.035797913225193032 0.022561377969835324 0.0045877920370452048 -0.0044800131799490805 -0.013610884458422449 -0.022974380081276089 -0.027288484023129438 -0.031657196875639157 -0.03190201991495327 -0.022771148636479902 -0.013407653013626264 -0.0090935490717729151 -0.0047248362192631949 0 0 
0 0 0 0 0 0 0 -0.0057789683156962536 -0.013876645464457309 -0.017347100901727894 -0.022040450103236894 -0.024202847257704035 -0.022831136081059543 -0.014733458932298486 -0.011263003495027898 -0.0065696542935188996 -0.0044072571390517592 0 0 0 0 0 0 0 0 0 0 0 0 0.009350539130141805 0.018939299013639253 0.032175834268996964 0.050149420201787073 0.059307206203686347 0.049956667073544542 0.040367907190047098 0.02713137193468939 0.0091577860018992718 0 -0.0091308712784733681 -0.018494366901327008 -0.022808470843180356 -0.027177183695690076 -0.027177183695690076 -0.018046312417216707 -0.0086828167943630678 -0.0043687128525097202 0 0 0 
0 0 0 0 0 0 0 -0.0057789683156962536 -0.013876645464457309 -0.028078037290397855 -0.032771386491906855 -0.034933783646373992 -0.033562072469729504 -0.025464395320968444 -0.011263003495027898 -0.0065696542935188996 -0.0044072571390517592 0 0 0 0 0 0 0 0 0 0 0 0 0.018664803387944039 0.028253563271441483 0.041490098526799191 0.059463684459589307 0.068621470461488587 0.049956667073544542 0.040367907190047098 0.02713137193468939 0.0091577860018992718 0 0 -0.0093634956228536396 -0.013677599564706988 -0.018046312417216707 -0.018046312417216707 -0.018046312417216707 -0.0086828167943630678 -0.0043687128525097202 0 0 0 
0 0 0 0 0 -0.0061541034421818165 -0.0061541034421818165 -0.011933071757878069 -0.020030748906639126 -0.034232140732579679 -0.034155214439552405 -0.036317611594019542 -0.034945900417375053 -0.026848223268613993 -0.012646831442673444 -0.0065696542935188996 -0.0044072571390517592 0 0 0 0 0 0 0 0 0 0 0 0 0.018664803387944039 0.037805124119051528 0.051041659374409236 0.069015245307199352 0.07817303130909864 0.059508227921154587 0.040367907190047098 0.02713137193468939 0.0091577860018992718 0 0 0 -0.0043141039418533485 -0.0086828167943630678 -0.0086828167943630678 -0.0086828167943630678 -0.0086828167943630678 -0.0043687128525097202 0 0 0 
0 0 0 0 0 -0.0061541034421818165 -0.011789500513784992 -0.017568468829481244 -0.025666145978242301 -0.039867537804182854 -0.03979061151115558 -0.034155214439552405 -0.032783503262907909 -0.024685826114146853 -0.010484434288206303 -0.0044072571390517592 -0.0044072571390517592 0 0 0 0 0 0 0 0 0 0 0 0 0.018664803387944039 0.037805124119051528 0.037805124119051528 0.055778710051841644 0.064936496053740925 0.046271692665796879 0.02713137193468939 0.02713137193468939 0.0091577860018992718 0 0 0 0 -0.0043687128525097202 -0.0043687128525097202 -0.0043687128525097202 -0.0043687128525097202 -0.0043687128525097202 0 0 0 
0 0 -0.02371916049042791 -0.02371916049042791 -0.02371916049042791 -0.02987326393260973 -0.035508661004212905 -0.017496231725535043 -0.025593908874296099 -0.039795300700236645 -0.039718374407209371 -0.034082977335606196 -0.028376246123856148 -0.020278568975095092 -0.0060771771491545433 0 0 0 0 0 0 0 0 0 0 0 0 0 0 0.018664803387944039 0.037805124119051528 0.037805124119051528 0.037805124119051528 0.046962910120950802 0.028298106733006763 0.0091577860018992718 0.0091577860018992718 0.0091577860018992718 0 0 0 0 0 0 0 0 0 0 0 0 
-0.012085234228066127 -0.012085234228066127 -0.035804394718494038 -0.02371916049042791 -0.02371916049042791 -0.02987326393260973 -0.035508661004212905 -0.017496231725535043 -0.017496231725535043 -0.031697623551475596 -0.031620697258448321 -0.025985300186845143 -0.020278568975095092 -0.020278568975095092 -0.0060771771491545433 0 0 0 0 0 0 0 0 0 0 0 0 0 0 0.018664803387944039 0.037805124119051528 0.037805124119051528 0.037805124119051528 0.037805124119051528 0.019140320731107489 0 0 0 0 0 0 0 0 0 0 0 0 0 0 0 
-0.036716572055497811 -0.036716572055497811 -0.06043573254592572 -0.048350498317859592 -0.02371916049042791 -0.02987326393260973 -0.035508661004212905 -0.017496231725535043 -0.017496231725535043 -0.017496231725535043 -0.017419305432507769 -0.011783908360904594 -0.0060771771491545433 -0.0060771771491545433 -0.0060771771491545433 0 0 0 0 0 0 0 0 0 0 0 0 0 0 0 0.019140320731107489 0.019140320731107489 0.019140320731107489 0.019140320731107489 0.019140320731107489 0 0 0 0 0 0 0 0 0 0 0 0 0 0 0 
-0.076991528675295365 -0.076991528675295365 -0.10071068916572327 -0.088625454937657153 -0.063994117110225457 -0.02371916049042791 -0.029354557562031085 -0.011342128283353226 -0.011342128283353226 -0.011342128283353226 -0.011342128283353226 -0.0057067312117500511 0 0 0 0 0 0 0 0 0 0 0 0 0 0 0 0 0 0 0 0 0 0 0 0 0 0 0 0 0 0 0 0 0 0 0 0 0 0 
-0.076991528675295365 -0.095547670111124722 -0.11926683060155263 -0.10718159637348651 -0.082550258546054814 -0.042275301926257267 -0.02371916049042791 -0.0057067312117500511 -0.0057067312117500511 -0.0057067312117500511 -0.0057067312117500511 -0.0057067312117500511 0 0 0 0 0 0 0 0 0 0 0 0 0 0 0 0 0 0 0 0 0 0 0 0 0 0 0 0 0 0 0 0 0 0 0 0 0 0 
-0.076991528675295365 -0.095547670111124722 -0.10964842935531458 -0.097563195127248453 -0.072931857299816771 -0.03265690068001921 -0.01410075924418985 0 0 0 0 0 0 0 0 0 0 0 0 0 0 0 0 0 0 0 0 0 0 0 0 0 0 0 0 0 0 0 0 0 0 0 0 0 0 0 0 0 0 0 
-0.072090822682466485 -0.090646964118295842 -0.1047477233624857 -0.097563195127248453 -0.072931857299816771 -0.03265690068001921 -0.01410075924418985 0 0 0 0 0 0 0 0 0 0 0 0 0 0 0 0 0 0 0 0 0 0 0 0 0 0 0 0 0 0 0 0 0 0 0 0 0 0 0 0 0 0 0 
-0.062102522693877574 -0.080658664129706931 -0.094759423373896784 -0.087574895138659542 -0.072931857299816771 -0.03265690068001921 -0.01410075924418985 0 0 0 0 0 0 0 0 0 0 0 0 0 0 0 0 0 0 0 0 0 0 0 0 0 0 0 -0.0011271852469584272 -0.0011271852469584272 -0.0011271852469584272 -0.0011271852469584272 -0.0011271852469584272 0 0 0 0 0 0 0 0 0 0 0 
-0.02182756607408002 -0.040383707509909383 -0.054484466754099223 -0.047299938518861988 -0.03265690068001921 -0.03265690068001921 -0.01410075924418985 0 0 0 0 0 0 0 0 0.002153789518891894 0.002153789518891894 0.002153789518891894 0.002153789518891894 0.002153789518891894 0 0 0 0 0 0 0 0 0 0 0 0 0 0 -0.0011271852469584272 -0.0034245408536418423 -0.0034245408536418423 -0.0034245408536418423 -0.0034245408536418423 -0.0022973556066834154 0 0 0 0 0 0 0 0 0 0 
-0.02182756607408002 -0.02182756607408002 -0.035928325318269866 -0.028743797083032627 -0.01410075924418985 -0.01410075924418985 -0.01410075924418985 0 0 0 0 0.0019722546527930788 0.0019722546527930788 0.0019722546527930788 0.0019722546527930788 0.0041260441716849724 0.002153789518891894 0.002153789518891894 0.002153789518891894 0.002153789518891894 0 0 0 0 0 0 0 0 0 0 0 0 0 0 -0.0011271852469584272 -0.0034245408536418423 -0.0044830163715287516 -0.0044830163715287516 -0.0044830163715287516 -0.0033558311245703246 -0.001058475517886909 0 0 0 0 0 0 0 0 0 
-0.02182756607408002 -0.02182756607408002 -0.02182756607408002 -0.014643037838842776 0 0 0 0 0 0 0 0.0019722546527930788 0.0059919757204950439 0.0059919757204950439 0.0059919757204950439 0.0081457652393869383 0.0061735105865938595 0.002153789518891894 0.002153789518891894 0.002153789518891894 0 0 0 0 0 0 0 0 0 0 0 0 0 0 -0.0011271852469584272 -0.0034245408536418423 -0.0044830163715287516 -0.0066403322804410225 -0.0066403322804410225 -0.0055131470334825955 -0.0032157914267991802 -0.0021573159089122709 0 0 0 0 0 0 0 0 
-0.014643037838842776 -0.014643037838842776 -0.014643037838842776 -0.014643037838842776 0 0 0 0 0 0 0 0.0019722546527930788 0.0059919757204950439 0.0080400781672184396 0.0080400781672184396 0.010193867686110334 0.0082216130333172543 0.0042018919656152901 0.002153789518891894 0.002153789518891894 0 0 0 0 0 0 0 0 0 0 0 0 0 0 -0.0011271852469584272 -0.0034245408536418423 -0.0044830163715287516 -0.0066403322804410225 -0.0077395140189203274 -0.0066123287719619004 -0.0043149731652784833 -0.0032564976473915745 -0.0010991817384793038 0 0 0 0 0 0 0 
0 0 0 0 0 0 0 0 0 0 0 0.0019722546527930788 0.0059919757204950439 0.0080400781672184396 0.012214387271900638 0.014368176790792532 0.012395922137999452 0.0083762010702974864 0.0063280986235740916 0.002153789518891894 0 0 0 0 0 0 0 0 0 0 0 0 0 0 0 -0.0022973556066834154 -0.0033558311245703246 -0.0055131470334825955 -0.0066123287719619004 -0.0077254242033333474 -0.0054280685966499312 -0.0043695930787630219 -0.0022122771698507506 -0.0011130954313714467 0 0 0 0 0 0 
0 0 0 0 0 0 0 0 0 0 0 0.0019722546527930788 0.0059919757204950439 0.0080400781672184396 0.012214387271900638 0.014341254421806383 0.012368999769013303 0.0083492787013113388 0.0063011762545879431 0.0021268671499057451 0 0 0 0 0 0 0 0 0 0 0 0 0 0 0 0 -0.001058475517886909 -0.0032157914267991802 -0.0043149731652784833 -0.0054280685966499312 -0.0054280685966499312 -0.0043695930787630219 -0.0022122771698507506 -0.0011130954313714467 0 0 0 0 0 0 
0 0 0 0 0 0 0 0 0 0 0 0 0.0040197210677019651 0.0060678235144253608 0.010242132619107558 0.012368999769013303 0.012368999769013303 0.0083492787013113388 0.0063011762545879431 0.0021268671499057451 0 0 0 0 0 0 0 0 0 0 0 -0.0031083087507997615 -0.0031083087507997615 -0.0031083087507997615 -0.0031083087507997615 -0.0031083087507997615 0 -0.0021573159089122709 -0.0032564976473915745 -0.0043695930787630219 -0.0043695930787630219 -0.0043695930787630219 -0.0022122771698507506 -0.0011130954313714467 0 0 0 0 0 0 
0 0 0 0 0 0 0 0 0 0 0 0 0 0.0020481024467233957 0.0062224115514055937 0.0083492787013113388 0.0083492787013113388 0.0083492787013113388 0.0063011762545879431 0.0021268671499057451 0 0 0 0 0 0 0 -0.0031874981581667158 -0.0031874981581667158 -0.0031874981581667158 -0.0031874981581667158 -0.0062958069089664778 -0.0062559631819893938 -0.0062559631819893938 -0.0062559631819893938 -0.0062559631819893938 -0.0031476544311896319 0 -0.0010991817384793038 -0.0022122771698507506 -0.0022122771698507506 -0.0022122771698507506 -0.0022122771698507506 -0.0011130954313714467 0 0 0 0 0 0 
0 0 0 0 0 0 0 0 0 0 0 0 0 0 0.004174309104682198 0.0063011762545879431 0.0063011762545879431 0.0063011762545879431 0.0063011762545879431 0.0021268671499057451 0 0 0 0 0 0 0 -0.0031874981581667158 -0.0064153443942849093 -0.0064153443942849093 -0.0064153443942849093 -0.00952365314508467 -0.009483809418107586 -0.0062559631819893938 -0.0062559631819893938 -0.0062559631819893938 -0.0031476544311896319 0 0 -0.0011130954313714467 -0.0011130954313714467 -0.0011130954313714467 -0.0011130954313714467 -0.0011130954313714467 0 0 0 0 0 0 
0 0 0 0 0 0 0 0 0 0 0 0 0 0 0 0.0021268671499057451 0.0021268671499057451 0.0021268671499057451 0.0021268671499057451 0.0021268671499057451 0 0 0 0 0 0 0 -0.0031874981581667158 -0.0064153443942849093 -0.012994130506033576 -0.012994130506033576 -0.016102439256833335 -0.016062595529856255 -0.012834749293738059 -0.0062559631819893938 -0.0062559631819893938 -0.0031476544311896319 0 0 0 0 0 0 0 0 0 0 0 0 0 
0 0 0 0 0 0 0 0 0 0 0 0 0 0 0 0 0 0 0 0 0 0 0 0 0 0 0 -0.0031874981581667158 -0.0064153443942849093 -0.012994130506033576 -0.01974052228863115 -0.02284883103943091 -0.022808987312453829 -0.019581141076335636 -0.013002354964586967 -0.0062559631819893938 -0.0031476544311896319 0 0 0 0 0 0 0 0 0 0 0 0 0 
0 0 0 0 0 0 0 0 0 0 0 0 0 0 0 0 0 0 0 0 0 0 0 0 0 0 0 -0.0031874981581667158 -0.0064153443942849093 -0.012994130506033576 -0.01974052228863115 -0.01974052228863115 -0.019700678561654066 -0.016472832325535872 -0.009894046213787205 -0.0031476544311896319 -0.0031476544311896319 0 0 0 0 0 0 0 0 0 0 0 0 0 
0 0 0 0 0 0 0 0 0 0 0 0 0 0 0 0 0 0 0 0 0 0 0 0 0 0 0 0 -0.0032278462361181935 -0.0098066323478668595 -0.016553024130464434 -0.016553024130464434 -0.016553024130464434 -0.01332517789434624 -0.0067463917825975736 0 0 0 0 0 0 0 0 0 0 0 0 0 0 0 
0 0 0 0 0 0 0 0 0 0 0 0 0 0 0 0 0 0 0 0 0 0 0 0 0 0 0 0 0 -0.0065787861117486655 -0.01332517789434624 -0.01332517789434624 -0.01332517789434624 -0.01332517789434624 -0.0067463917825975736 0 0 0 0 0 0 0 0 0 0 0 0 0 0 0 
0 0 0 0 0 0 0 0 0 0 0 0 0 0 0 0 0 0 0 0 0 0 0 0 -0.012382929005845077 -0.012382929005845077 -0.012382929005845077 -0.012382929005845077 -0.012382929005845077 -0.012228142393272015 -0.018974534175869587 -0.018974534175869587 -0.018974534175869587 -0.018974534175869587 -0.0067463917825975736 0 0 0 0 0 0 0 0 0 0 0 0 0 0 0 
0 0 0 0 0 0 0 0 0 0 0 0 0 0 0 0 0 0 0 0 0 0 0 0 -0.012382929005845077 -0.037621008953665838 -0.037621008953665838 -0.037621008953665838 -0.037621008953665838 -0.037466222341092779 -0.03188435479614983 -0.03188435479614983 -0.03188435479614983 -0.03188435479614983 -0.019656212402877814 0 0 0 0 0 0 0 0 0 0 0 0 0 0 0 
0 0 0 0 0 0 0 0 0 0 0 0 0 0 0 0 0 0 0 0 0 0 0 0 -0.012382929005845077 -0.037621008953665838 -0.049249112876944126 -0.049249112876944126 -0.049249112876944126 -0.049094326264371074 -0.043512458719428118 -0.040940688757815993 -0.040940688757815993 -0.040940688757815993 -0.028712546364543973 -0.0090563339616661596 0 0 0 0 0 0 0 0 0 0 0 0 0 0 
0 0 0 0 0 0 0 0 0 0 0 0 -0.0090889845757027195 -0.0090889845757027195 -0.0090889845757027195 -0.0090889845757027195 -0.0090889845757027195 -0.0068724974575425681 -0.0068724974575425681 -0.0068724974575425681 -0.0068724974575425681 -0.0068724974575425681 0 0 -0.012382929005845077 -0.037621008953665838 -0.049249112876944126 -0.091406787912434173 -0.091406787912434173 -0.091252001299861121 -0.085670133754918165 -0.08309836379330604 -0.040940688757815993 -0.040940688757815993 -0.028712546364543973 -0.0090563339616661596 0 0 0 0 0 0 0.018163266509145608 0.018163266509145608 0.018163266509145608 0.018163266509145608 0.018163266509145608 0 0 0 
0 0 0 0 0 0 0 0 0 0 0 0 -0.0090889845757027195 -0.013719945588718993 -0.013719945588718993 -0.013719945588718993 -0.013719945588718993 -0.011503458470558841 -0.013831988553788206 -0.013831988553788206 -0.013831988553788206 -0.013831988553788206 -0.006959491096245639 0 -0.012382929005845077 -0.037621008953665838 -0.049249112876944126 -0.091406787912434173 -0.11288669558118161 -0.11273190896860855 -0.1071500414236656 -0.10457827146205348 -0.062420596426563404 -0.040940688757815993 -0.028712546364543973 -0.0090563339616661596 0 0 0 0 0 0 0.018163266509145608 0.027417697339376629 0.027417697339376629 0.027417697339376629 0.027417697339376629 0.0092544308302310238 0 0 
0 0 0 0 0 0 0 0 0 0 0 0 -0.0090889845757027195 -0.013719945588718993 -0.023158468916000999 -0.023158468916000999 -0.023158468916000999 -0.020941981797840847 -0.023270511881070211 -0.028016370342643281 -0.028016370342643281 -0.028016370342643281 -0.021143872885100713 -0.014184381788855074 0 -0.025238079947820763 -0.036866183871099051 -0.079023858906589112 -0.10050376657533652 -0.11967164495133034 -0.1140897774063874 -0.11151800744477527 -0.0693603324092852 -0.047880424740537789 -0.028712546364543973 -0.0090563339616661596 0 0 0 0 0 0 0.018163266509145608 0.027417697339376629 0.059074071624747586 0.059074071624747586 0.059074071624747586 0.040910805115601981 0.031656374285370957 0 
0 0 0 0 0 0 0 0 0 0 0 0 -0.0090889845757027195 -0.013719945588718993 -0.023158468916000999 -0.032837454542439838 -0.032837454542439838 -0.03062096742427969 -0.032949497507509057 -0.037695355969082127 -0.04256212317851453 -0.04256212317851453 -0.035689625720971965 -0.028730134624726324 -0.014545752835871251 0 -0.011628103923278291 -0.053785778958768349 -0.07526568662751576 -0.094433565003509579 -0.094433565003509579 -0.091861795041897454 -0.049704120006407393 -0.028224212337659975 -0.0090563339616661596 -0.0090563339616661596 0 0 0 0 0.013120559601109784 0.013120559601109784 0.031283826110255389 0.040538256940486413 0.07219463122585737 0.085884766017916905 0.085884766017916905 0.067721499508771293 0.058467068678540277 0.026810694393169326 
0 0 0 0 0 0 0 0 0 0 0 -0.0044594616931572855 -0.013548446268860006 -0.018179407281876277 -0.027617930609158285 -0.037296916235597125 -0.032837454542439838 -0.03062096742427969 -0.032949497507509057 -0.037695355969082127 -0.04256212317851453 -0.049263882027346273 -0.042391384569803708 -0.035431893473558067 -0.021247511684702996 -0.0067017588488317448 0 -0.042157675035490054 -0.063637582704237472 -0.082805461080231291 -0.082805461080231291 -0.082805461080231291 -0.04064778604474123 -0.019167878375993815 0 0 0 0 0 0 0.013120559601109784 0.019165679946583809 0.037328946455729414 0.046583377285960438 0.078239751571331395 0.091929886363390931 0.10163537397545135 0.083472107466305734 0.074217676636074717 0.042561302350703767 
0 0 0 0 0 0 0 0 0 0 0 -0.0044594616931572855 -0.0044594616931572855 -0.0090904227061735579 -0.018528946033455562 -0.028207931659894409 -0.023748469966737122 -0.030535061206060407 -0.032863591289289777 -0.037609449750862847 -0.04247621696029525 -0.049177975809126993 -0.042391384569803708 -0.035431893473558067 -0.021247511684702996 -0.0067017588488317448 0 0 -0.021479907668747418 -0.04064778604474123 -0.04064778604474123 -0.04064778604474123 -0.04064778604474123 -0.019167878375993815 0 0 0 0 0 0 0.013120559601109784 0.019165679946583809 0.031486450783697995 0.040740881613929011 0.072397255899299975 0.086087390691359497 0.095792878303419912 0.097410704956493246 0.08815627412626223 0.056499899840891286 
0 0 0 0 0 0 0 0 0 0 0 -0.0044594616931572855 -0.0044594616931572855 -0.0044594616931572855 -0.013897985020439291 -0.023576970646878137 -0.019117508953720851 -0.025904100193044136 -0.025904100193044136 -0.030649958654617206 -0.035516725864049609 -0.042218484712881352 -0.035431893473558067 -0.035431893473558067 -0.021247511684702996 -0.0067017588488317448 0 0 0 -0.019167878375993815 -0.019167878375993815 -0.019167878375993815 -0.019167878375993815 -0.020831822962381171 -0.0016639445863873559 -0.0016639445863873559 -0.0016639445863873559 -0.0016639445863873559 0 0 0.013120559601109784 0.019165679946583809 0.031486450783697995 0.037764050764394652 0.069420425049765602 0.083110559841825138 0.092816047453885553 0.094433874106958887 0.095258178746690556 0.063601804461319605 
0 0 0 0 0 0 0 0 0 0 0 -0.0044594616931572855 -0.0044594616931572855 -0.0044594616931572855 -0.0044594616931572855 -0.014138447319596133 -0.0096789856264388463 -0.016465576865762131 -0.016465576865762131 -0.016465576865762131 -0.021332344075194538 -0.028034102924026284 -0.021247511684702996 -0.021247511684702996 -0.021247511684702996 -0.0067017588488317448 0 0 0 0 0 0 0 -0.0016639445863873559 -0.0050552881433248917 -0.0050552881433248917 -0.0050552881433248917 -0.0050552881433248917 -0.0033913435569375362 0 0.013120559601109784 0.019165679946583809 0.031486450783697995 0.037764050764394652 0.037764050764394652 0.051454185556454188 0.061159673168514603 0.062777499821587951 0.063601804461319605 0.078076444226076569 
0 0 0 0 0 0 0 0 0 0 0 -0.0044594616931572855 -0.0044594616931572855 -0.0044594616931572855 -0.0044594616931572855 -0.0044594616931572855 0 -0.0067865912393232867 -0.0067865912393232867 -0.0067865912393232867 -0.0067865912393232867 -0.013488350088155032 -0.0067017588488317448 -0.0067017588488317448 -0.0067017588488317448 -0.0067017588488317448 0 0 0 0 0 0 0 -0.0016639445863873559 -0.0050552881433248917 -0.0085330318966336943 -0.0085330318966336943 -0.0085330318966336943 -0.0068690873102463385 -0.0034777437533088022 0 0.0060451203454740254 0.018365891182588207 0.024643491163284868 0.024643491163284868 0.024643491163284868 0.034348978775345283 0.035966805428418624 0.036791110068150279 0.051265749832907249 
0 0 0 0 0 0 0 0 0 0 0 0 0 0 0 0 0 -0.0067865912393232867 -0.0067865912393232867 -0.0067865912393232867 -0.0067865912393232867 -0.0067865912393232867 0 0 0 0 0 0 0 0 0 0 0 -0.0016639445863873559 -0.0050552881433248917 -0.0085330318966336943 -0.010135355285164623 -0.010135355285164623 -0.0084714106987772674 -0.0050800671418397307 -0.0016023233885309287 0 0.012320770837114182 0.018598370817810843 0.018598370817810843 0.018598370817810843 0.018598370817810843 0.020216197470884181 0.021040502110615842 0.035515141875372809 
0 0 0 0 0 0 0 0 0 0 0 0 0 0 0 0 0 0 0 0 0 0 0 0 0 0 0 0 0 0 0 0 -0.003265751242126809 -0.0049296958285141648 -0.0083210393854517006 -0.011798783138760503 -0.013401106527291432 -0.010135355285164623 -0.0084714106987772674 -0.0050800671418397307 -0.0016023233885309287 0 0 0.0062775999806966611 0.0062775999806966611 0.0062775999806966611 0.0062775999806966611 0.0062775999806966611 0.0071019046204283207 0.021576544385185289 
0 0 0 0 0 0 0 0 0 0 0 0 0 0 0 0 0 0 0 0 0 0 0 0 0 0 0 0 0 0 0 0 -0.003265751242126809 -0.003265751242126809 -0.0066570947990643448 -0.010134838552373147 -0.011737161940904076 -0.0084714106987772674 -0.0084714106987772674 -0.0050800671418397307 -0.0016023233885309287 0 0 0 0 0 0 0 0 0.014474639764756967 
0 0 0 0 0 0 0 0 0 0 0 0 0 0 0 0 0 0 0 0 0 0 0 0 0 0 0 0 0 0 0 0 -0.003265751242126809 -0.003265751242126809 -0.003265751242126809 -0.0067434949954356107 -0.0083458183839665388 -0.0050800671418397307 -0.0050800671418397307 -0.0050800671418397307 -0.0016023233885309287 0 0 0 0 0 0 0 0 0 
