0.26250000000000007 0.26250000000000007 0.18750000000000003 0.15000000000000002 0.07500000000000001 0.0 0.0 0.0 0.0 0.0 0.0 0.0 0.0 0.0 0.0 0.0 0.0 0.0 0.0 0.0 0.0 0.0 0.0 0.0 0.0 0.0 0.0 0.0 0.0 0.0 0.0 0.0 0.0 0.0 0.0 0.0 0.0 0.0 0.0 0.0 0.0 0.0 0.0 0.0 0.0 0.0 0.0 0.0 0.0 0.0 
0.26250000000000007 0.30000000000000004 0.22500000000000003 0.18750000000000003 0.11250000000000002 0.037500000000000006 0.0 0.0 0.0 0.0 0.0 0.0 0.0 0.0 0.0 0.0 0.0 0.0 0.0 0.0 0.0 0.0 0.0 0.0 0.0 0.0 0.0 0.0 0.0 0.0 0.0 0.0 0.0 0.0 0.0 0.0 0.0 0.0 0.0 0.0 0.0 0.0 0.0 0.0 0.0 0.0 0.0 0.0 0.0 0.0 
0.18750000000000003 0.22500000000000003 0.22500000000000003 0.18750000000000003 0.11250000000000002 0.037500000000000006 0.0 0.0 0.0 0.0 0.0 0.0 0.0 0.0 0.0 0.0 0.0 0.0 0.0 0.0 0.0 0.0 0.0 0.0 0.0 0.0 0.0 0.0 0.0 0.0 0.0 0.0 0.0 0.0 0.0 0.0 0.0 0.0 0.0 0.0 0.0 0.0 0.0 0.0 0.0 0.0 0.0 0.0 0.0 0.0 
0.15000000000000002 0.18750000000000003 0.18750000000000003 0.18750000000000003 0.11250000000000002 0.037500000000000006 0.0 0.0 0.0 0.0 0.0 0.0 0.0 0.0 0.0 0.0 0.0 0.0 0.0 0.0 0.0 0.0 0.0 0.0 0.0 0.0 0.0 0.0 0.0 0.0 0.0 0.0 0.0 0.0 0.0 0.0 0.0 0.0 0.0 0.0 0.0 0.0 0.0 0.0 0.0 0.0 0.0 0.0 0.0 0.0 
0.07500000000000001 0.11250000000000002 0.11250000000000002 0.11250000000000002 0.11250000000000002 0.037500000000000006 0.0 0.0 0.0 0.0 0.0 0.0 0.0 0.0 0.0 0.0 0.0 0.0 0.0 0.0 0.0 0.0 0.0 0.0 0.0 0.0 0.0 0.0 0.0 0.0 0.0 0.0 0.0 0.0 0.0 0.0 0.0 0.0 0.0 0.0 0.0 0.0 0.0 0.0 0.0 0.0 0.0 0.0 0.0 0.0 
0.0 0.037500000000000006 0.037500000000000006 0.037500000000000006 0.037500000000000006 0.037500000000000006 0.0 0.0 0.0 0.0 0.0 0.0 0.0 0.0 0.0 0.0 0.0 0.0 0.0 0.0 0.0 0.0 0.0 0.0 0.0 0.0 0.0 0.0 0.0 0.0 0.0 0.0 0.0 0.0 0.0 0.0 0.0 0.0 0.0 0.0 0.0 0.0 0.0 0.0 0.0 0.0 0.0 0.0 0.0 0.0 
0.0 0.0 0.0 0.0 0.0 0.0 0.0 0.0 0.0 0.0 0.0 0.0 0.0 0.0 0.0 0.0 0.0053861554050372452 0.0053861554050372452 0.0053861554050372452 0.0053861554050372452 0.0053861554050372452 0.0 0.0 0.0 0.0 0.0 0.0 0.0 0.0 0.0 0.0 0.0 0.0 0.0 0.0 0.0 0.0 0.0 0.0 0.0 0.0 0.0 0.0 0.0 0.0 0.0 0.0 0.0 0.0 0.0 
0.0 0.0 0.0 0.0 0.0 0.0 0.0 0.0 0.0 0.0 0.0 0.0 0.0 0.0 0.0 0.0 0.0053861554050372452 0.016158466215111737 0.016158466215111737 0.016158466215111737 0.016158466215111737 0.01077231081007449 0.0 0.0 0.0 0.0 0.0 0.0 0.0 0.0 0.0 0.0 0.0 0.0 0.0 0.0 0.0 0.0 0.0 0.0 0.0 0.0 0.0 0.0 0.0 0.0 0.0 0.0 0.0 0.0 
0.0 0.0 0.0 0.0 0.0 0.0 0.0 0.0 0.0 0.0 0.0 0.0 0.0 0.0 0.0 0.0 0.0053861554050372452 0.016158466215111737 0.021544621620148981 0.021544621620148981 0.021544621620148981 0.016158466215111737 0.0053861554050372452 0.0 0.0 0.0 0.0 0.0 0.0 0.0 0.0 0.0 0.0 0.0 0.0 0.0 0.0 0.0 0.0 0.0 0.0 0.0 0.0 0.0 0.0 0.0 0.0 0.0 0.0 0.0 
0.0 0.0 0.0 0.0 0.0 0.0 0.0 0.0 0.0 -0.0047979670866048867 -0.0047979670866048867 -0.0047979670866048867 -0.0047979670866048867 -0.0047979670866048867 0.01077231081007449 0.01077231081007449 0.016158466215111737 0.026930777025186224 0.032316932430223468 0.021544621620148981 0.021544621620148981 0.016158466215111737 0.0053861554050372452 0.0 0.0 0.0 0.0 0.0 0.0 0.0 0.0 0.0 0.0 0.0 0.0 0.0 0.0 0.0 0.0 0.0 0.0 0.0 0.0 0.0 0.0 0.0 0.0 0.0 0.0 0.0 
0.0 0.0 0.0 0.0 0.0 0.0 0.0 0.0 0.0 -0.0047979670866048867 -0.01439390125981466 -0.01439390125981466 -0.01439390125981466 -0.01439390125981466 0.001176376636864717 0.021544621620148981 0.026930777025186224 0.037703087835260711 0.043089243240297954 0.032316932430223468 0.021544621620148981 0.016158466215111737 0.0053861554050372452 0.0 0.0 0.0 0.0 0.0 0.0 0.0 0.0 0.0 0.0 0.0 0.0 0.0 0.0 0.0 0.0 0.0 0.0 0.0 0.0 0.0 0.0 0.0 0.0 0.0 0.0 0.0 
0.0 0.0 0.0 0.0 0.0 0.0 0.0 0.0 0.0 -0.0047979670866048867 -0.01439390125981466 -0.019191868346419547 -0.019191868346419547 -0.019191868346419547 -0.0036215904497401696 0.016746654533544094 0.021544621620148981 0.032316932430223468 0.037703087835260711 0.026930777025186224 0.016158466215111737 0.016158466215111737 0.0053861554050372452 0.0 0.0 0.0 0.0 0.0 0.0 0.0 0.0 0.0 0.0 0.0 0.0 0.0 0.0 0.0 0.0 0.0 0.0 0.0 0.0 0.0 0.0 0.0 0.0 0.0 0.0 0.0 
0.0 0.0 0.0 0.0 0.0 0.0 0.0 -0.01151493266587859 -0.01151493266587859 -0.016312899752483477 -0.02590883392569325 -0.030706801012298137 -0.019191868346419547 -0.019191868346419547 -0.0036215904497401696 0.016746654533544094 0.021544621620148981 0.021544621620148981 0.026930777025186224 0.016158466215111737 0.0053861554050372452 0.0053861554050372452 0.0053861554050372452 0.0 0.0 0.0 0.0 0.0 0.0 0.0 0.0 0.0 0.0 0.0 0.0 0.0 0.0 0.0 0.0 0.0 0.0 0.0 0.0 0.0 0.0 0.0 0.0 0.0 0.0 0.0 
0.0 0.0 0.0 0.0 0.0 0.0 0.0 -0.01151493266587859 -0.018231898245152291 -0.023029865331757181 -0.032625799504966954 -0.037423766591571844 -0.02590883392569325 -0.019191868346419547 -0.0036215904497401696 0.016746654533544094 0.021544621620148981 0.021544621620148981 0.021544621620148981 0.01077231081007449 0.0 0.0 0.0 0.0 0.0 0.0 0.0 0.0 0.0 0.0 0.0 0.0 0.0 0.0 0.0 0.0 0.0 0.0 0.0 0.0 0.0 0.0 0.0 0.0 0.0 0.0 0.0 0.0 -0.012222384415269398 -0.012222384415269398 
0.0 0.0 0.0 0.0 0.0 0.0 0.0 -0.01151493266587859 -0.018231898245152291 -0.026867862317094812 -0.036463796490304581 -0.041261763576909471 -0.029746830911030885 -0.023029865331757181 -0.01439390125981466 0.0059743437234696037 0.01077231081007449 0.01077231081007449 0.01077231081007449 0.01077231081007449 0.0 0.0 0.0 0.0 0.0 0.0 0.0 0.0 0.0 0.013627074408012247 0.013627074408012247 0.013627074408012247 0.013627074408012247 0.013627074408012247 0.0 0.0 0.0 0.0 0.0 0.0 0.0 0.0 0.0 0.0 -0.024444768830538796 -0.024444768830538796 -0.024444768830538796 -0.024444768830538796 -0.036667153245808194 -0.012222384415269398 
0.0 0.0 0.0 0.0 0.0 0.0 0.0 -0.01151493266587859 -0.018231898245152291 -0.026867862317094812 -0.030705859302432446 -0.035503826389037332 -0.023988893723158742 -0.017271928143885038 -0.0086359640719425191 -0.0047979670866048867 0.0 0.0 0.0 0.0 0.0 0.0 0.0 0.0 0.0 0.0 0.0 0.0 0.0 0.013627074408012247 0.042692400533920635 0.042692400533920635 0.042692400533920635 0.042692400533920635 0.029065326125908387 0.0065510251782682155 0.0065510251782682155 0.0065510251782682155 0.0065510251782682155 0.0065510251782682155 0.0 0.0 0.0 0.0 -0.024444768830538796 -0.048889537661077592 -0.048889537661077592 -0.048889537661077592 -0.06111192207634699 -0.036667153245808194 
0.0 0.0 0.0 0.0 0.0 0.0 -0.0019189984926688164 -0.013433931158547407 -0.020150896737821108 -0.028786860809763629 -0.032624857795101263 -0.030705859302432446 -0.019190926636553855 -0.012473961057280152 -0.0038379969853376329 0.0 0.0 0.0 0.0 0.0 0.0 0.0 0.0 0.0 0.0 0.0 0.0 0.0 0.0 0.013627074408012247 0.042692400533920635 0.059030064183410016 0.059030064183410016 0.059030064183410016 0.045402989775397765 0.022888688827757596 0.0080215371808671342 0.0080215371808671342 0.0080215371808671342 0.0080215371808671342 0.0014705120025989193 0.0 0.0 0.0 -0.024444768830538796 -0.048889537661077592 -0.06111192207634699 -0.06111192207634699 -0.073334306491616388 -0.048889537661077592 
0.0 0.0 0.0 0.0 0.0 0.0 -0.0019189984926688164 -0.0038379969853376329 -0.010554962564611336 -0.019190926636553855 -0.023028923621891489 -0.021109925129222672 -0.019190926636553855 -0.012473961057280152 -0.0038379969853376329 0.0 0.0 0.0 0.0 0.0 0.0 0.0 0.0 0.0 0.0 0.0 0.0 0.0 0.0 0.013627074408012247 0.042692400533920635 0.059030064183410016 0.093175903484987693 0.093175903484987693 0.079548829076975455 0.05703452812933528 0.04216737648244482 0.0094920491834660538 0.0094920491834660538 0.0094920491834660538 0.0029410240051978387 0.0014705120025989193 0.0 0.0 -0.024444768830538796 -0.048889537661077592 -0.06111192207634699 -0.093586811321487162 -0.10580919573675654 -0.081364426906217757 
0.0 0.0 0.0 0.0 0.0 0.0 -0.0019189984926688164 -0.0038379969853376329 -0.0038379969853376329 -0.012473961057280153 -0.016311958042617786 -0.014392959549948969 -0.012473961057280152 -0.012473961057280152 -0.0038379969853376329 0.0 0.0 0.0 0.0 0.0 0.0 0.0 0.0 0.0 0.0 0.0 0.0 0.0 0.0 0.013627074408012247 0.042692400533920635 0.059030064183410016 0.093175903484987693 0.110984079137076 0.097357004729063751 0.074842703781423575 0.059975552134533122 0.027300224835554353 0.0094920491834660538 0.0094920491834660538 0.0029410240051978387 0.0014705120025989193 0.0 -0.0040150602073006861 -0.028459829037839481 -0.052904597868378277 -0.065126982283647675 -0.097601871528787826 -0.093586811321487162 -0.069142042490948352 
0.0 0.0 0.0 0.0 0.0 0.0 -0.0019189984926688164 -0.0038379969853376329 -0.0038379969853376329 -0.0038379969853376329 -0.0076759939706752657 -0.0057569954780064495 -0.0038379969853376329 -0.0038379969853376329 -0.0038379969853376329 0.0 0.0 0.0 0.0 0.0 0.0 0.0 0.0 0.0 0.0 0.0 0.0 0.0 0.0 0.0059141252724128832 0.034979451398321273 0.051317115047810655 0.085462954349388331 0.10327113000147664 0.11446040742041719 0.091946106472777012 0.077078954825886545 0.044403627526907782 0.026595451874819473 0.0094920491834660538 0.0029410240051978387 0.0014705120025989193 0.0 -0.0040150602073006861 -0.023164666327717666 -0.047609435158256462 -0.05983181957352586 -0.092306708818666011 -0.088291648611365348 -0.069142042490948352 
0.0 0.0 0.0 0.0 0.0 0.0 -0.0019189984926688164 -0.0038379969853376329 -0.0038379969853376329 -0.0038379969853376329 -0.0038379969853376329 -0.0019189984926688164 0.0 0.0 0.0 0.0 0.0 0.0 0.0 0.0 0.0 0.0 0.0 0.0 0.0 0.0 0.0 0.0 0.0 0.0059141252724128832 0.0059141252724128832 0.022251788921902264 0.056397628223479948 0.074205803875568244 0.08539508129450879 0.087451583429712682 0.072584431782822215 0.039909104483843459 0.02210092883175515 0.0049975261404017314 0.0029410240051978387 0.0014705120025989193 0.0 -0.0040150602073006861 -0.023164666327717666 -0.042314272448134641 -0.054536656863404039 -0.087011546108544197 -0.082996485901243533 -0.063846879780826538 
0.0 0.0 0.0 0.0 0.0 0.0 0.0 -0.0019189984926688164 -0.0019189984926688164 -0.0019189984926688164 -0.0019189984926688164 -0.0019189984926688164 0.0 0.0 0.0 0.0 0.0 0.0 0.0 0.0 0.0 0.0 0.0 0.0 0.0 0.0 0.0 0.0 0.0 0.0059141252724128832 0.0059141252724128832 0.0059141252724128832 0.040059964573990567 0.057868140226078869 0.069057417645019409 0.0711139197802233 0.072142170847825246 0.039466843548846484 0.021658667896758178 0.0045552652054047585 0.0024987630702008657 0.0014705120025989193 0.0 -0.0040150602073006861 -0.023164666327717666 -0.042314272448134641 -0.051889075508343131 -0.084363964753483289 -0.080348904546182612 -0.061199298425765637 
0.0 0.0 0.0 0.0 0.0 0.0 0.0 0.0 0.0 0.0 0.0 0.0 0.0 0.0 0.0 0.0 0.0 0.0 0.0 0.0 0.0 0.0 0.0 0.0 0.0 0.0 0.0 0.0 0.0 0.0059141252724128832 0.0059141252724128832 0.0059141252724128832 0.0059141252724128832 0.023722300924501186 0.034911578343441725 0.036968080478645617 0.037996331546247562 0.040052833681451454 0.022244658029363151 0.0051412553380097321 0.0030847532028058389 0.0020565021352038928 -0.0055597428529078029 -0.009574803060208489 -0.028724409180625469 -0.047874015301042447 -0.057448818361250938 -0.052779775230083863 -0.048764715022783178 -0.029615108902366204 
0.0 0.0 0.0 0.0 0.0 0.0 0.0 0.0 0.0 0.0 0.0 0.0 0.0 0.0 0.0 0.0 0.0 0.0 0.0 0.0 0.0 0.0 0.0 0.0 0.0 0.0 0.0 0.0 0.0 0.0059141252724128832 0.0059141252724128832 0.0059141252724128832 0.0059141252724128832 0.0059141252724128832 0.017103402691353423 0.019159904826557314 0.02018815589415926 0.022244658029363151 0.023272909096965097 0.0061695064056116787 0.0041130042704077855 0.0030847532028058389 -0.0045314917853058563 -0.011119485705815606 -0.030269091826232584 -0.049418697946649562 -0.058993501006858053 -0.054324457875690978 -0.046430193457199641 -0.027280587336782666 
0.0 0.0 0.0 0.0 0.0014785151124181489 0.0014785151124181489 0.0014785151124181489 0.0014785151124181489 0.0014785151124181489 0.0 0.0 0.0 0.0 0.0 0.0 0.0 0.0 0.0 0.0 0.0 0.0 0.0 0.0 0.0 0.0 0.0 0.0 0.0 0.0 0.0 0.0 0.0 0.0 0.0 0.0010282510676019464 0.0030847532028058389 0.0041130042704077855 0.0061695064056116787 0.0071977574732136253 0.0061695064056116787 0.0041130042704077855 0.0030847532028058389 -0.0045314917853058563 -0.011119485705815606 -0.0064504425746485352 -0.025600048695065516 -0.035174851755274003 -0.030505808624106935 -0.022611544205615591 -0.027280587336782666 
0.0 0.0 0.0 0.0 0.0014785151124181489 0.0029570302248362978 0.0029570302248362978 0.0029570302248362978 0.0029570302248362978 0.0014785151124181489 0.0 0.0 0.0 0.0 0.0 0.0 0.0 0.0 0.0 0.0 0.0 0.0 0.0 0.0 0.0 0.0 0.0 0.0 0.0 0.0 0.0 0.0 0.0 0.0 0.0010282510676019464 0.0010282510676019464 0.0020565021352038928 0.0041130042704077855 0.0051412553380097321 0.0041130042704077855 0.0041130042704077855 0.0030847532028058389 -0.0045314917853058563 -0.011119485705815606 -0.0064504425746485352 -0.0017813994434814646 -0.011356202503689954 -0.0066871593725228821 0.0012071050459684565 -0.003461938085198615 
0.0 0.00073925755620907446 0.00073925755620907446 0.00073925755620907446 0.0022177726686272233 0.0036962877810453724 0.0029570302248362978 0.0029570302248362978 0.0029570302248362978 0.0014785151124181489 0.0 0.0 0.0 0.0 0.0 0.0 0.0 0.0 0.0 0.0 0.0 0.0 0.0 0.0 0.0 0.0 0.0 0.0 0.0 0.0 0.0 0.0 0.0 0.0 0.0010282510676019464 0.0010282510676019464 0.0010282510676019464 0.0030847532028058389 0.0041130042704077855 0.0030847532028058389 0.0030847532028058389 0.0030847532028058389 -0.0045314917853058563 -0.011119485705815606 -0.0064504425746485352 -0.0017813994434814646 0.00055312212210207072 0.0052221652532691426 0.013116429671760481 0.0084473865405934098 
0.0 0.00073925755620907446 0.0022177726686272233 0.0022177726686272233 0.0036962877810453724 0.0051748028934635211 0.0044355453372544465 0.0029570302248362978 0.0029570302248362978 0.0014785151124181489 0.0 0.0 0.0 0.0 0.0 0.0 0.0 0.0 0.0 0.0 0.0 0.0 0.0 0.0 0.0 0.0 0.0 0.0 0.0 0.0 0.0 0.0 0.0 0.0 0.0010282510676019464 0.0010282510676019464 0.0010282510676019464 0.0010282510676019464 0.0020565021352038928 0.0010282510676019464 0.0010282510676019464 0.0010282510676019464 0.0010282510676019464 -0.0055597428529078029 -0.00089069972174073229 0.0037783434094263383 0.006112864975009874 0.006112864975009874 0.014007129393501213 0.0093380862623341412 
0.0 0.00073925755620907446 0.0022177726686272233 0.0029570302248362978 0.0044355453372544465 0.0059140604496725957 0.0051748028934635211 0.0036962877810453724 0.0069766803210140164 0.0054981652085958673 0.0040196500961777182 0.0040196500961777182 0.0040196500961777182 -0.00078889059278867925 -0.00078889059278867925 -0.00078889059278867925 -0.00078889059278867925 -0.00078889059278867925 0.0 0.0 0.0 0.0 0.0 0.0 0.0 0.0 0.0 0.0 0.0 0.0 0.0 0.0 0.0 0.0 0.0010282510676019464 0.0010282510676019464 0.0010282510676019464 0.0010282510676019464 0.0010282510676019464 0.0 0.0 0.0 0.0 0.0 0.0046690431311670706 0.0093380862623341412 0.011672607827917677 0.011672607827917677 0.011672607827917677 0.0070035646967506054 
0.0 0.00073925755620907446 0.0022177726686272233 0.0029570302248362978 0.0069766803210140164 0.0084551954334321656 0.007715937877223091 0.0062374227648049419 0.0095178153047735855 0.0095178153047735855 0.0080393001923554364 0.0080393001923554364 0.0080393001923554364 0.0032307595033890389 -0.02642917177836604 -0.02642917177836604 -0.02642917177836604 -0.02642917177836604 -0.02564028118557736 0.0 0.0 0.0 0.0 0.0 0.0 0.0 0.0 0.0 0.0 0.0 0.0 0.0 0.0 0.0 -0.0017864728690997591 -0.0017864728690997591 -0.0017864728690997591 -0.0017864728690997591 -0.0017864728690997591 0.0 0.0 0.0 0.0 0.0 0.0 0.0046690431311670706 0.0070035646967506054 0.0070035646967506054 0.0070035646967506054 0.0070035646967506054 
0.0 0.00073925755620907446 0.0022177726686272233 0.0029570302248362978 0.0069766803210140164 0.015015980513369449 0.014276722957160376 0.012798207844742228 0.016078600384710873 0.016078600384710873 0.0064615190067780779 0.0064615190067780779 0.0064615190067780779 0.0016529783178116804 -0.028006952963943399 -0.074554171778366041 -0.074554171778366041 -0.074554171778366041 -0.073765281185577361 -0.048125 0.0 0.0 0.0 0.0 0.0 0.0 0.0 0.0 0.0 0.0 0.0 0.0 0.0 0.0 -0.0017864728690997591 -0.0053594186072992772 -0.0053594186072992772 -0.0053594186072992772 -0.0053594186072992772 -0.0035729457381995181 0.0 0.0 0.0 0.0 0.0 0.0 0.0023345215655835353 0.0023345215655835353 0.0023345215655835353 0.0023345215655835353 
0.0 0.0 0.0014785151124181489 0.0022177726686272233 0.0062374227648049419 0.014276722957160376 0.018296373053338096 0.016817857940919945 0.020098250480888591 0.020098250480888591 0.010481169102955795 0.0056726284139893991 0.0056726284139893991 0.0008640877250230012 -0.028795843556732079 -0.07534306237115472 -0.098616671778366041 -0.098616671778366041 -0.097827781185577362 -0.0721875 -0.0240625 0.0 0.0 0.0 0.0 0.0 0.0 0.0 0.0 0.0 0.0 0.0 0.0 0.0 -0.0017864728690997591 -0.0053594186072992772 -0.0081179507059196167 -0.0081179507059196167 -0.0081179507059196167 -0.0063314778368198585 -0.0027585320986203404 0.0 0.0 0.0 0.0 0.0 0.0 0.0 0.0 0.0 
0.0 0.0 0.0 0.00073925755620907446 0.0047589076523867927 0.012798207844742228 0.016817857940919945 0.024857158133275381 0.028137550673244027 0.028137550673244027 0.018520469295311232 0.013711928606344834 -0.008405152771587961 -0.013213693460554359 -0.042873624742309435 -0.089420843556732077 -0.1126944529639434 -0.13424167177836605 -0.13345278118557735 -0.1078125 -0.059687500000000004 -0.035625000000000004 0.0 0.0 0.0 0.0 0.0 0.0 0.0 0.0 0.0 0.0 0.0 0.0 -0.0017864728690997591 -0.0053594186072992772 -0.0081179507059196167 -0.013635014903160297 -0.013635014903160297 -0.011848542034060539 -0.0082755962958610211 -0.0055170641972406807 0.0 0.0 0.0 0.0 0.0 0.0 0.0 0.0 
0.0 0.0 0.0 0.0 0.0040196500961777182 0.012058950288533155 0.016078600384710873 0.024117900577066309 0.024117900577066309 0.024117900577066309 0.014500819199133513 0.0096922785101671155 -0.012424802867765681 -0.024924802867765682 -0.054584734149520753 -0.10113195296394339 -0.12440556237115472 -0.14595278118557736 -0.14501528118557738 -0.11937500000000001 -0.07125000000000001 -0.04718750000000001 -0.011562500000000002 0.0 0.0 0.0 0.0 0.0 0.0 0.0 0.0 0.0 0.0 0.0 -0.0017864728690997591 -0.0053594186072992772 -0.0081179507059196167 -0.013635014903160297 -0.01639354700178064 -0.01460707413268088 -0.011034128394481361 -0.0082755962958610211 -0.0027585320986203404 0.0 0.0 0.0 0.0 0.0 0.0 0.0 
0.0 0.0 0.0 0.0 0.0 0.0080393001923554364 0.012058950288533155 0.020098250480888591 0.020098250480888591 0.020098250480888591 0.010481169102955795 0.0056726284139893991 -0.016444452963943399 -0.0289444529639434 -0.053006952963943393 -0.099554171778366035 -0.12282778118557736 -0.144375 -0.1434375 -0.11937500000000001 -0.07125000000000001 -0.04718750000000001 -0.011562500000000002 0.0 0.0 0.0 0.0 0.0 0.0 -0.011159448280960698 -0.011159448280960698 -0.011159448280960698 -0.011159448280960698 -0.011159448280960698 -0.0037305913281409217 -0.0073035370663404398 -0.010062069164960781 -0.015579133362201462 -0.0183376654608218 -0.01460707413268088 -0.011034128394481361 -0.0082755962958610211 -0.0027585320986203404 0.0 0.0 0.0 0.0 0.0 0.0 0.0 
0.0 0.0 0.0 0.0 0.0 0.0 0.0040196500961777182 0.012058950288533155 0.012058950288533155 0.012058950288533155 0.012058950288533155 0.0072504095995667567 -0.01486667177836604 -0.02736667177836604 -0.051429171778366034 -0.051429171778366034 -0.074702781185577355 -0.09625 -0.09531250000000001 -0.07125000000000001 -0.07125000000000001 -0.04718750000000001 -0.011562500000000002 0.0 0.0 0.0 0.0 0.0 0.0 -0.011159448280960698 -0.055537025234665624 -0.055537025234665624 -0.055537025234665624 -0.055537025234665624 -0.048108168281845852 -0.0056747097871820851 -0.0084332418858024255 -0.013950306083043106 -0.016708838181663445 -0.012978246853522524 -0.011034128394481361 -0.0082755962958610211 -0.0027585320986203404 0.0 0.0 0.0 0.0 0.0 0.0 0.0 
0.0 0.0 0.0 0.0 0.0 0.0 0.0 0.0080393001923554364 0.0080393001923554364 0.0080393001923554364 0.0080393001923554364 0.0080393001923554364 -0.01407778118557736 -0.026577781185577361 -0.050640281185577354 -0.050640281185577354 -0.050640281185577354 -0.0721875 -0.07125000000000001 -0.04718750000000001 -0.04718750000000001 -0.04718750000000001 -0.011562500000000002 0.0 0.0 0.0 -0.011159448280960698 -0.011159448280960698 -0.011159448280960698 -0.022318896561921396 -0.066696473515626326 -0.066566365430557384 -0.066566365430557384 -0.066566365430557384 -0.059137508477737619 -0.01670404998307385 -0.0056747097871820851 -0.011191773984422766 -0.013950306083043106 -0.010219714754902184 -0.0082755962958610211 -0.0082755962958610211 -0.0027585320986203404 0.0 0.0 0.0 0.0 0.0 0.0 0.0 
0.0 0.0 0.0 0.0 0.0 0.0 0.0 0.0 0.0 0.0 0.0 0.0 0.0 -0.0125 -0.0365625 -0.0365625 -0.0365625 -0.0365625 -0.035625000000000004 -0.011562500000000002 -0.011562500000000002 -0.011562500000000002 -0.011562500000000002 0.0 0.0 0.0 -0.011159448280960698 -0.033478344842882091 -0.033478344842882091 -0.044637793123842792 -0.089015370077547729 -0.088885261992478787 -0.088625045822340931 -0.088625045822340931 -0.081196188869521152 -0.038762730374857383 -0.027733390178965617 -0.0056747097871820851 -0.0084332418858024255 -0.004702650557661503 -0.0027585320986203404 -0.0027585320986203404 -0.0027585320986203404 0.0 0.0 0.0 0.0 0.0 0.0 0.0 
0.0 0.0 0.0 0.0 0.0 0.0 0.0 0.0 0.0 0.0 0.0 0.0 0.0 0.0 -0.0240625 -0.0240625 -0.0240625 -0.0240625 -0.0240625 0.0 0.0 0.0 0.0 0.0 0.0 0.0 -0.011159448280960698 -0.033478344842882091 -0.044637793123842792 -0.055797241404803494 -0.10017481835850843 -0.1000447102734395 -0.099784494103301646 -0.099654386018232705 -0.092225529065412926 -0.04979207057074915 -0.038762730374857383 -0.01670404998307385 -0.0056747097871820851 -0.001944118459041163 0.0 0.0 0.0 0.0 0.0 0.0 0.0 0.0 0.0 0.0 
0.0 0.0 0.0 0.0 0.0 0.0 0.0 0.0 0.0 0.0 0.0 0.0 0.0 0.0 0.0 0.0 0.0 0.0 0.0 0.0 0.0 0.0 0.0 0.0 0.0 0.0 -0.011159448280960698 -0.033478344842882091 -0.044637793123842792 -0.066826581600695267 -0.1112041585544002 -0.11107405046933128 -0.11081383429919342 -0.11068372621412448 -0.099524277933163791 -0.057090819438499994 -0.046061479242608228 -0.024002798850824694 -0.012973458654932929 -0.001944118459041163 0.0 0.0 0.0 0.0 0.0 0.0 0.0 0.0 0.0 0.0 
0.0 0.0 0.0 0.0 0.0 0.0 0.0 0.0 0.0 0.0 0.0 0.0 0.0 0.0 0.0 0.0 0.0 0.0 0.0 0.0 0.0 0.0 0.0 0.0 0.0 0.0 -0.011159448280960698 -0.033478344842882091 -0.044637793123842792 -0.066826581600695267 -0.066826581600695267 -0.066696473515626326 -0.06643625734548847 -0.066306149260419528 -0.055146700979458833 -0.055146700979458833 -0.044117360783567067 -0.022058680391783533 -0.011029340195891767 0.0 0.0 0.0 0.0 0.0 0.0 0.0 0.0 0.0 0.0 0.0 
0.0 0.0 0.0 0.0 0.0 0.0 0.0 0.0 0.0 0.0 0.0 0.0 0.0 0.0 0.0 0.0 0.0 0.0 0.0 0.0 0.0 0.0 0.0 0.0 0.0 0.0 0.0 -0.022318896561921396 -0.033478344842882091 -0.055667133319734566 -0.055667133319734566 -0.055667133319734566 -0.055406917149596696 -0.055276809064527768 -0.044117360783567067 -0.044117360783567067 -0.044117360783567067 -0.022058680391783533 -0.011029340195891767 0.0 0.0 0.0 0.0 0.0 0.0 0.0 0.0 0.0 0.0 0.0 
0.0 0.0 0.0 0.0 0.0 0.0 0.0 0.0 0.0 0.0 0.0 0.0 0.0 0.0 0.0 0.0 0.0 0.0 0.0 0.0 0.0 0.0 0.0 0.0 0.0 0.0 0.0 0.0 -0.011159448280960698 -0.033348236757813163 -0.033348236757813163 -0.033348236757813163 -0.033348236757813163 -0.033218128672744235 -0.022058680391783533 -0.022058680391783533 -0.022058680391783533 -0.022058680391783533 -0.011029340195891767 0.0 0.0 0.0 0.0 0.0 0.0 0.0 0.0 0.0 0.0 0.0 
0.0 0.0 0.0 0.0 0.0 0.0 0.0 0.0 0.0 0.0 0.0 0.0 0.0 0.0 0.0 0.0 0.0 0.0 0.0 0.0 0.0 0.0 0.0 0.0 0.0 0.0 0.0 0.0 0.0 -0.022188788476852465 -0.022188788476852465 -0.022188788476852465 -0.022188788476852465 -0.022188788476852465 -0.011029340195891767 -0.011029340195891767 -0.011029340195891767 -0.011029340195891767 -0.011029340195891767 0.0 0.0 0.0 0.0 0.0 0.0 0.0 0.0 0.0 0.0 0.0 
0.0 0.0 0.0 0.0 0.0 0.0 0.0 0.0 0.0 0.0 0.0 0.0 0.0 0.0 0.0 0.0 0.0 0.0 0.0 0.0 0.0 0.0 0.0 0.0 0.0 0.0 0.0 0.0 0.0 0.0 0.0 0.0 0.0 0.0 0.0 0.0 0.0 0.0 0.0 0.0 0.0 0.0 0.0 0.0 0.0 0.0 0.0 0.0 0.0 0.0 
0.0 0.0 0.0 0.0 0.0 0.0 0.0 0.0 0.0 0.0 0.0 0.0 0.0 0.0 0.0 0.0 0.0 0.0 0.0 0.0 0.0 0.0 0.0 0.0 0.0 0.0 0.0 0.0 0.0 0.0 0.0 0.0 0.0 0.0 0.0 0.0 0.0 0.0 0.0 0.0 0.0 0.0 0.0 0.0 0.0 0.025 0.025 0.025 0.025 0.025 
0.0 0.0 0.0 0.0 0.0 0.0 0.0 0.0 0.0 0.0 0.0 0.0 0.0 0.0 0.0 0.0 0.0 0.0 0.0 0.0 0.0 0.0 0.0 0.0 0.0 0.0 0.0 0.0 0.0 0.0 0.0 0.0 0.0 0.0 0.0 0.0 0.0 0.0 0.0 0.0 0.0 0.0 0.0 0.0 0.0 0.025 0.05 0.05 0.05 0.05 
0.0 0.0 0.0 0.0 0.0 0.0 0.0 0.0 0.0 0.0 0.0 0.0 0.0 0.0 0.0 0.0 0.0 0.0 0.0 0.0 0.0 0.0 0.0 0.0 0.0 0.0 0.0 0.0 0.0 0.0 0.0 0.0 0.0 0.0 0.0 0.0 0.0 0.0 0.0 0.0 0.0 0.0 0.0 0.0 0.0 0.025 0.05 0.1 0.1 0.1 
0.0 0.0 0.0 0.0 0.0 0.0 0.0 0.0 0.0 0.0 0.0 0.0 0.0 0.0 0.0 0.0 0.0 0.0 0.0 0.0 0.0 0.0 0.0 0.0 0.0 0.0 0.0 0.0 0.0 0.0 0.0 0.0 0.0 0.0 0.0 0.0 0.0 0.0 0.0 0.0 0.0 0.0 0.0 0.0 0.0 0.025 0.05 0.1 0.125 0.125 
0.0 0.0 0.0 0.0 0.0 0.0 0.0 0.0 0.0 0.0 0.0 0.0 0.0 0.0 0.0 0.0 0.0 0.0 0.0 0.0 0.0 0.0 0.0 0.0 0.0 0.0 0.0 0.0 0.0 0.0 0.0 0.0 0.0 0.0 0.0 0.0 0.0 0.0 0.0 0.0 0.0 0.0 0.0 0.0 0.0 0.025 0.05 0.1 0.125 0.175 
